//machine=10 (c64m)
	.db 16,31,108,8,60,32,51,61
	.db 11,3,200,191,203,221,41,237
	.db 247,239,175,255,255,159,167,159
	.db 255,255,255,238,255,254,253,254
	.db 253,247,127,246,110,126,106,234
	.db 255,255,235,126,103,222,85,85
	.db 175,159,167,219,215,119,247,247
	.db 251,187,139,187,61,48,0,64
	.db 195,3,3,254,190,177,195,128
	.db 205,139,203,243,250,143,243,56
	.db 213,85,94,191,191,238,239,238
	.db 127,191,95,183,117,175,171,170
	.db 255,255,255,255,255,255,255,191
	.db 255,255,255,255,255,255,251,255
	.db 255,255,255,255,255,255,255,238
	.db 255,255,255,255,255,239,255,254
	.db 255,255,255,251,255,239,191,254
	.db 255,255,255,191,251,254,239,251
	.db 255,255,254,191,238,255,238,191
	.db 255,255,238,255,238,239,255,187
	.db 255,254,255,187,254,187,251,187
	.db 255,238,251,191,238,251,187,187
	.db 255,238,255,238,238,187,187,187
	.db 255,238,187,239,251,187,187,190
	.db 255,251,187,254,187,187,187,238
	.db 255,251,187,238,187,187,190,235
	.db 255,238,238,255,187,238,238,187
	.db 255,238,251,187,187,238,238,187
	.db 255,238,191,251,174,238,251,187
	.db 254,238,187,190,238,251,187,187
	.db 251,238,191,238,238,187,187,186
	.db 255,238,251,238,238,235,190,238
	.db 191,238,254,235,254,174,238,187
	.db 255,238,238,187,238,238,187,174
	.db 255,238,238,187,238,187,187,234
	.db 170,187,187,238,187,255,239,254
	.db 170,187,187,251,187,191,238,255
	.db 255,238,238,187,238,174,186,187
	.db 255,239,238,190,235,187,186,174
	.db 190,239,238,191,187,187,238,235

	.db 255,255,255,223,219,154,150,223
	.db 245,237,151,223,222,251,235,235
	.db 191,239,255,255,255,255,255,255
	.db 233,251,255,255,251,247,219,249
	.db 224,192,112,208,157,153,224,196
	.db 3,10,14,60,254,191,235,26
	.db 197,207,205,143,238,226,236,172
	.db 66,64,194,192,128,192,66,193
	.db 192,192,192,208,0,0,48,160
	.db 32,8,15,56,178,232,63,226
	.db 191,251,162,254,254,10,15,11
	.db 255,243,187,239,190,254,235,237
	.db 255,255,255,255,191,191,255,127
	.db 255,254,255,187,255,187,254,251
	.db 255,238,255,187,254,187,238,187
	.db 239,254,187,255,238,187,238,187
	.db 239,251,190,187,238,187,238,187
	.db 190,239,238,187,238,187,224,1
	.db 238,238,238,187,238,0,21,85
	.db 238,239,251,187,238,11,66,83
	.db 238,251,187,187,238,187,238,186
	.db 187,238,187,238,187,251,187,190
	.db 187,238,187,238,187,190,238,239
	.db 190,238,187,254,187,239,251,190
	.db 238,238,187,251,187,238,191,251
	.db 238,239,238,191,238,251,190,239
	.db 251,190,239,187,254,239,251,190
	.db 190,238,186,239,195,0,20,20
	.db 238,239,251,190,239,251,190,251
	.db 238,184,236,248,188,236,252,236
	.db 251,62,15,75,78,79,79,75
	.db 238,254,187,251,255,190,251,255
	.db 239,251,251,255,187,255,251,255
	.db 191,187,255,239,255,187,255,254
	.db 251,191,251,191,255,255,255,251
	.db 191,238,255,190,255,255,255,251
	.db 238,255,239,255,255,255,251,255
	.db 255,251,191,255,239,255,255,255
	.db 251,191,255,251,191,254,255,255
	.db 251,254,191,251,255,254,255,254

	.db 187,111,255,255,255,255,255,255
	.db 235,255,255,255,255,255,255,255
	.db 255,255,255,255,255,255,255,255
	.db 249,254,250,251,255,247,253,249
	.db 0,203,75,67,15,131,14,72
	.db 237,222,207,255,139,200,128,3
	.db 203,131,51,3,227,2,144,63
	.db 129,47,11,13,15,131,193,110
	.db 240,240,232,240,240,48,160,192
	.db 48,236,35,3,6,14,2,2
	.db 15,255,179,143,253,247,255,255
	.db 171,255,155,190,154,254,254,190
	.db 149,221,247,201,56,63,56,203
	.db 255,255,127,255,155,95,159,171
	.db 238,251,238,187,238,187,238,238
	.db 238,187,238,184,224,129,5,21
	.db 176,193,5,21,85,80,66,15
	.db 21,85,85,80,67,14,251,187
	.db 85,85,0,47,238,238,191,238
	.db 83,66,14,239,238,239,187,255
	.db 238,239,251,187,255,187,251,190
	.db 238,190,239,187,254,187,254,239
	.db 251,238,191,239,251,239,254,239
	.db 239,251,190,239,191,251,255,238
	.db 190,239,251,190,255,239,255,251
	.db 251,190,239,254,255,191,251,255
	.db 239,255,238,255,255,190,255,255
	.db 16,3,11,255,254,255,255,255
	.db 191,251,191,255,255,255,255,255
	.db 252,184,252,248,188,252,252,252
	.db 79,79,79,78,79,79,79,79
	.db 191,255,251,255,255,255,255,255
	.db 239,255,255,255,255,255,255,255
	.db 255,255,255,255,255,255,255,255
	.db 255,255,255,255,255,255,255,255
	.db 255,255,255,255,255,255,255,255
	.db 255,255,255,255,255,255,255,255
	.db 255,255,255,255,255,255,255,255
	.db 255,255,255,255,255,255,255,255
	.db 255,254,255,255,255,255,255,255

	.db 255,255,255,255,255,255,255,255
	.db 255,255,255,255,255,255,255,255
	.db 255,255,255,255,255,254,255,254
	.db 254,253,254,249,255,249,254,239
	.db 132,66,193,200,194,196,243,255
	.db 66,2,0,0,0,0,0,51
	.db 63,15,9,143,45,55,63,191
	.db 204,243,48,248,252,236,148,210
	.db 0,32,48,192,0,0,0,204
	.db 3,46,62,63,32,0,140,14
	.db 254,218,248,195,195,14,204,15
	.db 255,175,251,255,251,223,151,215
	.db 249,255,191,251,251,247,223,239
	.db 170,167,187,191,127,127,255,255
	.db 251,187,238,235,250,238,171,238
	.db 20,16,18,19,19,18,19,19
	.db 46,239,238,255,187,240,129,5
	.db 238,191,251,190,239,62,15,79
	.db 255,3,0,40,32,35,35,35
	.db 187,254,239,251,191,251,255,251
	.db 239,254,239,255,188,252,224,241
	.db 251,254,191,251,0,0,85,85
	.db 254,239,255,251,255,63,63,15
	.db 255,240,240,242,242,242,242,242
	.db 160,129,5,85,85,80,82,66
	.db 42,10,66,82,66,10,170,170
	.db 168,168,160,161,161,161,161,129
	.db 42,10,74,74,10,42,42,42
	.db 170,170,168,160,161,129,133,133
	.db 0,21,21,81,64,8,40,40
	.db 74,74,74,74,74,74,74,74
	.db 170,170,170,168,160,161,129,5
	.db 168,168,0,21,84,80,64,8
	.db 42,10,74,74,66,82,82,82
	.db 255,255,255,255,255,255,255,255
	.db 255,255,255,255,255,255,255,255
	.db 255,255,255,255,255,255,255,255
	.db 255,255,255,255,255,255,255,255
	.db 255,255,255,255,255,255,255,255
	.db 255,255,255,255,255,255,255,255

	.db 255,255,255,255,255,254,255,239
	.db 255,255,239,255,187,255,255,255
	.db 255,254,239,251,191,255,187,239
	.db 255,253,250,218,245,217,165,217
	.db 255,0,128,192,0,0,0,2
	.db 241,201,129,193,1,131,128,3
	.db 221,185,170,235,190,239,44,208
	.db 188,44,229,247,246,52,255,243
	.db 128,0,128,32,60,238,191,56
	.db 0,12,159,55,254,139,159,188
	.db 191,239,237,191,247,255,191,247
	.db 238,239,254,239,173,93,223,115
	.db 255,159,239,223,207,238,240,78
	.db 251,250,254,238,94,127,94,95
	.db 255,187,254,191,238,255,251,255
	.db 48,51,63,63,63,60,60,48
	.db 42,168,160,131,15,63,255,255
	.db 15,63,255,255,255,255,255,255
	.db 18,18,18,18,18,18,18,18
	.db 255,255,255,255,255,255,255,255
	.db 161,161,129,133,132,132,132,4
	.db 85,0,40,40,40,170,170,168
	.db 74,74,66,82,18,18,18,18
	.db 129,133,133,132,132,132,132,132
	.db 74,10,42,42,42,170,170,170
	.db 255,255,255,255,255,255,255,255
	.db 133,132,132,132,132,132,132,132
	.db 63,63,60,252,252,252,252,252
	.db 4,20,16,82,82,66,74,74
	.db 60,252,252,252,252,252,252,252
	.db 74,74,74,74,74,72,72,72
	.db 20,20,16,18,18,18,82,66
	.db 60,252,252,252,252,252,188,248
	.db 163,163,163,163,163,163,163,163
	.db 255,255,255,255,187,255,239,254
	.db 255,255,255,190,255,239,255,251
	.db 255,255,255,239,254,255,190,255
	.db 255,255,190,255,251,255,251,255
	.db 255,254,255,239,255,190,239,255
	.db 255,254,255,190,255,251,191,251

	.db 255,254,255,251,255,238,254,238
	.db 187,254,239,187,251,238,238,251
	.db 187,255,187,191,239,238,238,187
	.db 248,246,234,249,250,252,249,252
	.db 61,33,160,48,143,200,0,0
	.db 64,240,32,128,0,3,0,0
	.db 1,0,15,2,0,192,0,0
	.db 19,255,255,207,6,12,12,14
	.db 243,254,248,176,48,3,128,3
	.db 126,115,243,58,40,34,62,126
	.db 147,175,245,175,250,235,123,239
	.db 172,238,255,175,158,95,99,120
	.db 235,234,254,119,250,255,247,247
	.db 239,251,249,169,175,173,173,189
	.db 239,255,255,255,255,255,255,255
	.db 16,18,18,18,18,18,18,18
	.db 255,255,255,255,255,255,255,255
	.db 255,255,255,255,255,255,255,255
	.db 18,18,18,18,18,18,18,18
	.db 255,255,255,255,255,255,195,0
	.db 20,20,16,18,18,16,20,5
	.db 168,168,168,160,161,129,5,85
	.db 82,66,74,74,74,74,10,42
	.db 200,200,200,200,200,200,200,200
	.db 255,255,255,255,255,255,239,250
	.db 255,255,255,255,255,191,255,239
	.db 200,200,200,200,8,40,40,32
	.db 252,252,252,252,255,255,251,255
	.db 143,131,163,32,40,42,10,194
	.db 252,240,242,226,2,170,168,168
	.db 140,140,140,12,12,62,63,46
	.db 131,142,131,163,32,40,10,202
	.db 252,248,240,176,242,2,170,168
	.db 160,160,168,168,170,170,2,48
	.db 239,254,255,47,59,63,46,62
	.db 255,251,190,255,187,254,239,251
	.db 187,255,238,255,187,254,187,239
	.db 238,255,238,255,187,251,190,239
	.db 238,255,239,251,190,239,238,187
	.db 255,187,255,187,254,187,254,187

	.db 254,187,251,238,238,187,238,250
	.db 238,187,187,238,235,187,238,235
	.db 187,238,239,187,251,238,191,238
	.db 254,127,251,250,254,127,126,127
	.db 0,0,0,0,0,0,48,48
	.db 0,12,2,59,189,45,63,255
	.db 2,163,163,12,205,131,207,237
	.db 204,0,224,2,209,252,250,255
	.db 130,179,211,50,1,46,15,15
	.db 238,238,199,201,121,113,115,121
	.db 255,255,255,255,223,127,107,174
	.db 113,193,9,173,234,78,191,253
	.db 249,233,249,233,187,239,167,151
	.db 175,127,175,255,255,255,255,255
	.db 255,255,255,255,255,255,255,255
	.db 18,18,18,18,18,18,18,18
	.db 255,255,255,255,191,251,255,255
	.db 255,255,255,255,255,255,255,255
	.db 16,21,21,21,16,2,0,226
	.db 40,168,160,3,63,127,122,127
	.db 202,194,240,255,255,255,175,251
	.db 168,160,3,255,255,190,239,251
	.db 63,255,255,255,255,238,251,187
	.db 200,200,192,195,251,239,251,190
	.db 190,251,255,191,255,191,238,238
	.db 255,251,191,254,191,238,251,238
	.db 3,15,254,239,251,194,192,192
	.db 191,251,255,239,251,238,239,187
	.db 176,251,190,255,187,238,184,188
	.db 0,254,239,187,190,239,59,14
	.db 255,238,255,186,239,187,238,238
	.db 194,224,251,239,187,238,251,238
	.db 160,3,187,238,191,238,187,238
	.db 176,187,238,251,190,238,187,238
	.db 239,238,251,187,238,235,186,238
	.db 235,187,186,238,187,251,190,239
	.db 187,187,238,238,187,239,251,191
	.db 187,187,238,238,191,187,190,239
	.db 187,187,238,239,187,254,239,251
	.db 187,186,251,190,187,255,187,254

	.db 251,251,191,255,187,239,187,239
	.db 239,187,255,255,187,254,187,191
	.db 191,238,255,238,255,239,251,191
	.db 230,249,237,254,239,254,191,239
	.db 85,213,245,255,255,191,239,170
	.db 117,127,127,127,255,250,234,170
	.db 85,214,158,187,239,255,255,255
	.db 133,149,181,232,232,248,249,252
	.db 23,27,14,31,30,30,26,90
	.db 234,218,234,167,239,255,213,221
	.db 110,126,230,118,214,246,255,255
	.db 190,250,250,251,253,159,255,255
	.db 191,191,255,255,255,255,255,255
	.db 255,255,255,255,255,239,222,250
	.db 255,255,255,255,255,251,255,255
	.db 35,35,35,35,35,35,35,3
	.db 255,255,255,255,255,254,239,255
	.db 255,255,255,255,255,255,255,191
	.db 115,64,127,179,191,179,191,179
	.db 213,253,213,254,221,238,237,238
	.db 255,239,254,239,251,255,187,251
	.db 191,238,255,238,191,238,251,190
	.db 251,254,187,255,186,254,187,238
	.db 187,254,187,239,238,238,187,238
	.db 238,238,187,187,238,238,187,222
	.db 187,187,238,238,187,238,255,187
	.db 140,140,204,15,15,63,63,63
	.db 187,59,46,63,46,11,207,206
	.db 184,160,227,179,243,131,15,15
	.db 14,11,207,206,203,206,207,206
	.db 238,187,187,238,255,239,251,239
	.db 239,187,238,251,191,251,191,251
	.db 190,239,239,251,191,251,255,191
	.db 254,187,255,187,254,191,238,254
	.db 254,191,239,251,254,191,110,255
	.db 251,190,239,255,238,254,239,255
	.db 238,255,187,191,111,251,191,251
	.db 251,191,251,190,251,191,251,255
	.db 190,239,251,255,238,255,187,254
	.db 239,251,191,239,251,191,239,251

	.db 187,238,191,238,191,238,239,251
	.db 238,255,187,254,239,255,238,255
	.db 251,191,238,255,238,255,239,255
	.db 190,255,251,255,254,255,191,251
	.db 251,191,254,255,255,254,239,255
	.db 255,255,255,239,255,254,255,255
	.db 239,255,255,255,255,255,255,255
	.db 254,254,254,254,254,254,254,254
	.db 223,223,239,111,111,127,111,111
	.db 255,255,255,255,255,255,255,255
	.db 255,255,255,255,255,255,255,255
	.db 255,255,255,255,255,255,255,255
	.db 255,255,255,255,255,255,255,255
	.db 254,255,255,255,255,255,255,255
	.db 239,127,255,239,254,239,254,239
	.db 15,255,254,239,255,251,255,239
	.db 191,251,255,238,254,191,251,190
	.db 251,239,255,239,251,253,187,255
	.db 115,127,115,79,75,142,43,63
	.db 254,238,255,246,214,214,214,254
	.db 239,250,190,235,238,238,238,187
	.db 187,187,187,238,187,187,187,238
	.db 187,187,187,238,187,190,238,249
	.db 238,235,186,187,238,123,235,239
	.db 175,251,190,251,187,229,169,89
	.db 190,239,236,184,236,252,172,92
	.db 51,48,48,50,193,203,198,203
	.db 195,242,243,48,48,63,63,15
	.db 63,60,60,48,240,192,200,204
	.db 207,203,206,206,207,207,207,207
	.db 251,191,110,255,187,219,188,252
	.db 191,251,255,255,240,192,15,60
	.db 238,255,255,255,3,0,240,60
	.db 239,255,187,255,255,255,255,255
	.db 187,255,239,159,239,240,243,243
	.db 187,255,239,255,255,47,62,63
	.db 191,255,255,191,255,251,102,255
	.db 187,255,251,159,239,255,251,255
	.db 239,255,255,230,255,255,255,255
	.db 255,239,255,255,251,255,255,255

	.db 127,223,247,213,175,175,175,254
	.db 255,255,253,214,185,166,173,255
	.db 125,223,93,251,173,251,186,191
	.db 255,239,255,239,254,175,86,245
	.db 255,191,254,255,255,255,187,90
	.db 255,255,255,255,255,251,246,181
	.db 255,255,255,255,255,255,255,170
	.db 246,246,246,246,254,254,126,254
	.db 111,107,111,111,110,127,95,85
	.db 255,255,221,223,255,221,234,170
	.db 255,255,255,119,255,255,170,170
	.db 255,255,255,255,215,250,170,170
	.db 255,255,251,191,94,111,95,93
	.db 254,239,255,251,255,191,255,87
	.db 254,255,239,187,255,239,253,215
	.db 255,238,191,238,191,251,255,167
	.db 255,254,244,228,229,197,193,224
	.db 252,190,63,40,2,32,129,16
	.db 55,63,255,215,191,31,10,11
	.db 237,233,233,253,229,235,253,233
	.db 238,187,237,191,234,190,222,251
	.db 222,187,237,187,238,183,238,187
	.db 186,230,187,239,251,230,239,249
	.db 185,189,239,239,167,189,223,223
	.db 90,114,194,15,111,77,90,251
	.db 252,172,108,236,188,244,84,84
	.db 70,70,73,74,79,79,78,78
	.db 207,207,143,207,143,79,207,207
	.db 12,12,60,60,60,60,60,60
	.db 207,207,203,207,207,207,207,207
	.db 240,243,195,207,204,12,60,48
	.db 240,192,11,15,63,63,255,255
	.db 12,140,204,204,204,204,204,204
	.db 255,223,255,255,255,255,255,255
	.db 243,243,195,195,207,207,207,207
	.db 48,0,207,255,240,243,194,15
	.db 3,0,240,252,12,204,204,204
	.db 255,255,255,255,255,255,255,255
	.db 255,255,255,255,255,255,255,255
	.db 255,255,255,255,255,255,255,255

	.db 107,89,250,235,239,255,255,171
	.db 127,155,150,175,191,191,123,255
	.db 191,255,191,254,255,119,157,255
	.db 125,253,255,213,251,238,175,174
	.db 234,127,89,255,254,247,221,251
	.db 255,223,189,191,255,191,255,255
	.db 255,251,255,255,255,255,255,255
	.db 242,240,242,242,240,240,240,242
	.db 175,126,191,255,255,255,191,127
	.db 191,255,255,255,255,255,254,187
	.db 255,255,255,255,175,255,190,255
	.db 255,191,254,251,110,235,237,254
	.db 239,253,245,255,171,255,107,253
	.db 247,119,247,95,255,233,170,123
	.db 253,229,126,231,181,234,191,170
	.db 85,239,221,254,255,175,250,169
	.db 245,190,255,125,247,170,255,253
	.db 191,171,123,89,251,223,223,219
	.db 5,65,234,255,255,255,251,191
	.db 254,253,246,254,250,254,245,185
	.db 187,250,191,187,190,239,187,123
	.db 191,238,187,190,239,187,190,187
	.db 187,111,155,239,251,191,251,191
	.db 248,216,224,224,224,208,240,208
	.db 203,207,63,240,176,51,1,59
	.db 236,252,188,188,252,184,188,188
	.db 205,195,199,206,200,202,203,203
	.db 192,192,252,255,219,219,251,255
	.db 60,44,32,243,115,115,211,99
	.db 207,207,207,207,14,63,42,39
	.db 51,51,51,51,51,51,51,51
	.db 255,255,255,255,255,252,252,252
	.db 204,204,12,12,12,63,63,63
	.db 255,255,255,255,63,63,63,63
	.db 12,60,48,48,51,51,51,51
	.db 63,255,255,255,255,255,255,255
	.db 204,204,204,204,204,204,204,204
	.db 255,254,255,255,255,255,255,255
	.db 239,127,255,255,255,255,255,255
	.db 191,255,255,255,255,255,255,255

	.db 87,223,127,251,175,191,239,175
	.db 255,118,251,221,239,187,190,223
	.db 255,159,251,214,127,255,253,214
	.db 255,246,247,219,182,247,255,101
	.db 125,170,127,109,255,191,254,255
	.db 191,190,191,191,255,255,255,255
	.db 255,255,239,255,255,191,255,255
	.db 240,179,243,227,243,243,243,247
	.db 191,191,255,191,255,255,191,255
	.db 239,255,239,239,255,255,255,247
	.db 254,255,251,255,254,255,251,255
	.db 254,254,239,250,239,254,190,255
	.db 255,235,126,234,235,111,127,127
	.db 127,239,217,127,255,106,217,122
	.db 223,219,235,119,255,237,218,233
	.db 255,183,170,119,234,158,191,222
	.db 250,127,125,191,223,182,238,255
	.db 175,102,173,255,251,255,250,250
	.db 169,175,219,246,158,191,191,187
	.db 167,223,158,231,247,165,253,169
	.db 187,91,251,255,159,127,223,159
	.db 187,238,255,187,255,255,255,255
	.db 187,238,187,255,187,254,255,255
	.db 159,223,191,183,238,255,238,255
	.db 169,173,187,107,127,251,251,251
	.db 124,252,124,204,128,128,176,174
	.db 75,79,79,79,10,15,53,117
	.db 251,159,218,214,221,191,191,191
	.db 242,242,82,114,242,194,202,136
	.db 31,30,61,31,62,59,42,47
	.db 32,32,40,10,64,80,251,255
	.db 240,3,3,255,0,0,187,187
	.db 255,207,3,3,51,176,176,254
	.db 60,60,60,12,204,12,60,236
	.db 51,195,195,207,207,206,207,206
	.db 255,255,255,255,255,252,236,248
	.db 12,60,48,51,51,51,243,195
	.db 255,255,255,255,255,255,251,191
	.db 255,255,255,255,255,254,255,239
	.db 255,255,255,255,255,255,255,254

	.db 250,151,247,186,235,251,105,251
	.db 185,185,237,249,119,183,251,251
	.db 254,175,223,191,251,219,127,246
	.db 253,237,189,254,127,238,187,169
	.db 122,126,223,223,235,235,219,191
	.db 255,255,255,255,239,175,255,253
	.db 255,255,239,255,191,247,191,255
	.db 243,242,227,235,115,233,161,233
	.db 127,126,127,121,191,191,191,175
	.db 127,191,247,239,255,255,255,255
	.db 255,255,255,233,255,255,255,254
	.db 251,255,255,255,255,255,247,186
	.db 123,123,127,123,110,239,127,111
	.db 213,249,250,223,251,255,254,239
	.db 191,231,247,175,159,170,175,122
	.db 175,191,175,247,165,255,183,245
	.db 189,223,175,170,223,239,231,234
	.db 251,239,238,233,239,233,234,253
	.db 191,255,238,191,187,170,127,173
	.db 181,167,246,249,255,251,249,190
	.db 157,189,247,190,191,109,123,253
	.db 255,255,187,171,235,170,221,215
	.db 255,255,191,170,174,171,247,85
	.db 255,255,255,186,238,175,221,87
	.db 251,251,217,255,89,253,126,155
	.db 255,247,255,127,246,106,170,170
	.db 154,154,174,159,254,222,255,223
	.db 191,191,157,189,247,149,191,170
	.db 192,193,253,255,117,149,154,169
	.db 15,61,0,76,173,160,156,99
	.db 221,223,191,181,189,141,41,63
	.db 223,247,247,157,255,238,191,170
	.db 254,187,191,238,187,221,85,255
	.db 252,252,255,253,254,171,238,85
	.db 7,61,93,93,117,170,167,255
	.db 124,220,220,116,148,252,121,170
	.db 205,207,199,205,10,61,166,170
	.db 247,255,119,245,153,106,187,170
	.db 125,255,93,253,190,186,170,170
	.db 255,255,255,255,150,169,170,170

	.db 254,235,247,126,223,250,247,119
	.db 111,255,238,250,250,106,91,127
	.db 111,175,231,167,95,239,251,111
	.db 62,2,2,14,14,62,30,198
	.db 186,182,249,255,249,253,251,247
	.db 255,251,255,255,255,111,255,127
	.db 247,254,255,187,251,255,254,251
	.db 190,178,189,178,243,189,177,189
	.db 191,127,127,191,127,191,191,127
	.db 255,191,255,239,255,255,191,255
	.db 255,255,255,191,255,255,255,255
	.db 255,254,255,255,255,255,255,255
	.db 159,150,159,158,191,223,183,181
	.db 235,250,251,255,191,254,253,245
	.db 235,181,191,255,94,127,111,171
	.db 181,191,173,189,189,191,149,191
	.db 191,127,127,159,223,150,171,255
	.db 215,245,255,253,255,239,251,128
	.db 255,190,235,127,251,123,121,255
	.db 109,125,253,243,191,251,252,191
	.db 118,174,153,254,253,255,239,255
	.db 255,191,183,189,183,191,165,173
	.db 85,153,170,101,85,19,195,243
	.db 127,85,213,123,251,0,46,226
	.db 243,158,174,95,243,51,51,62
	.db 170,255,255,255,42,2,2,87
	.db 183,127,247,122,160,160,171,255
	.db 123,127,62,63,42,0,255,255
	.db 255,255,213,255,64,222,239,238
	.db 85,167,250,235,93,191,255,174
	.db 251,109,239,93,111,235,190,251
	.db 255,155,255,89,239,186,187,238
	.db 234,255,239,234,250,119,253,119
	.db 254,239,187,187,253,213,213,255
	.db 234,111,154,170,247,85,255,255
	.db 127,85,87,234,170,174,255,255
	.db 85,95,254,250,170,239,255,255
	.db 254,253,254,221,190,239,170,170
	.db 255,247,111,223,187,251,170,170
	.db 255,171,105,166,239,255,255,234

	.db 221,118,190,254,231,231,255,191
	.db 107,221,235,251,89,218,218,255
	.db 252,254,246,253,254,246,210,65
	.db 57,61,233,45,13,233,46,204
	.db 251,250,250,251,246,245,255,215
	.db 254,126,127,255,255,126,111,255
	.db 251,255,187,254,191,251,255,254
	.db 201,203,175,225,161,227,193,207
	.db 127,127,191,255,255,191,255,191
	.db 251,254,255,191,251,191,251,239
	.db 255,239,183,255,191,251,247,175
	.db 255,255,255,255,254,191,253,239
	.db 214,217,221,214,249,255,250,254
	.db 183,174,190,218,94,111,221,255
	.db 231,103,222,109,173,239,186,239
	.db 229,250,230,229,246,250,249,249
	.db 155,242,150,175,227,123,127,95
	.db 186,58,174,255,127,0,0,255
	.db 122,126,174,187,89,65,64,186
	.db 238,255,255,85,253,40,0,85
	.db 47,63,151,173,85,0,2,239
	.db 165,181,250,159,247,89,86,255
	.db 85,250,255,255,255,127,255,170
	.db 191,255,213,221,127,170,171,87
	.db 249,254,150,249,255,85,90,187
	.db 247,239,215,255,255,223,170,186
	.db 222,235,255,238,255,247,215,251
	.db 186,170,238,247,123,255,255,125
	.db 235,107,170,222,87,251,191,253
	.db 87,253,222,250,255,255,251,234
	.db 255,254,186,255,253,122,250,234
	.db 255,239,127,255,238,234,170,171
	.db 123,170,150,217,255,255,255,255
	.db 171,170,187,255,254,254,255,229
	.db 255,255,255,255,255,251,251,238
	.db 255,255,255,255,255,191,234,187
	.db 255,255,255,255,255,255,238,251
	.db 255,255,253,255,255,255,239,187
	.db 255,247,255,255,255,255,239,190
	.db 255,255,251,237,255,255,255,255

	.db 255,187,223,183,255,247,255,183
	.db 237,189,169,171,174,255,255,235
	.db 2,50,48,192,0,0,192,192
	.db 241,207,252,154,0,0,0,0
	.db 47,175,175,175,167,141,39,15
	.db 229,237,187,107,219,235,255,255
	.db 255,255,253,255,85,254,170,171
	.db 141,141,129,130,193,121,125,125
	.db 126,183,191,119,157,149,183,191
	.db 255,253,255,127,215,255,234,171
	.db 255,255,255,239,239,170,89,86
	.db 255,255,255,255,95,186,190,233
	.db 175,175,175,175,167,255,223,245
	.db 255,127,175,111,111,157,174,91
	.db 255,255,255,254,167,122,166,101
	.db 87,222,246,167,254,175,171,235
	.db 239,255,191,167,249,127,246,191
	.db 255,255,103,231,230,190,239,253
	.db 190,254,103,183,239,246,126,247
	.db 255,190,183,103,217,246,189,255
	.db 255,127,159,239,214,121,253,159
	.db 234,255,222,231,109,125,218,247
	.db 253,191,110,107,91,182,173,235
	.db 247,118,254,247,251,126,190,171
	.db 235,247,125,187,223,247,237,254
	.db 255,231,250,157,231,217,186,127
	.db 173,167,251,191,185,255,127,251
	.db 251,189,255,251,191,110,118,255
	.db 235,250,252,181,239,191,239,253
	.db 186,189,223,103,255,127,255,255
	.db 170,90,255,223,239,255,219,255
	.db 171,186,169,215,247,255,255,85
	.db 87,90,238,239,251,119,253,170
	.db 190,254,171,255,239,255,255,153
	.db 255,247,247,223,247,223,170,170
	.db 238,187,238,254,255,251,127,223
	.db 187,238,251,238,239,254,255,239
	.db 187,238,251,238,255,239,254,255
	.db 187,238,187,255,239,254,255,187
	.db 190,238,187,191,251,255,191,255

	.db 170,170,170,191,251,255,245,245
	.db 125,87,127,255,255,223,160,164
	.db 2,51,192,3,192,0,0,0
	.db 239,143,48,48,0,3,3,244
	.db 14,47,143,141,175,167,175,175
	.db 91,95,157,238,254,238,239,94
	.db 255,239,191,191,174,111,87,170
	.db 194,194,193,199,194,193,193,202
	.db 255,255,191,127,215,171,171,125
	.db 255,251,255,255,174,174,250,173
	.db 235,191,251,255,234,170,187,239
	.db 191,251,251,186,189,239,185,187
	.db 127,175,235,191,171,234,239,175
	.db 255,254,255,238,238,165,159,235
	.db 102,215,190,159,182,222,254,191
	.db 254,111,90,253,255,189,175,253
	.db 255,255,255,174,123,190,191,121
	.db 159,234,250,229,254,253,109,255
	.db 254,166,230,186,191,217,127,255
	.db 250,255,255,251,106,165,214,245
	.db 253,255,255,149,167,230,174,190
	.db 238,119,118,255,251,191,255,191
	.db 191,119,174,183,121,238,238,255
	.db 170,250,255,213,127,255,255,251
	.db 87,223,238,63,142,251,255,119
	.db 85,95,186,255,12,235,63,179
	.db 85,255,191,179,139,243,255,255
	.db 187,239,247,127,127,250,255,127
	.db 253,191,60,143,202,199,207,79
	.db 255,255,251,239,235,215,235,223
	.db 255,141,140,254,191,190,155,174
	.db 255,207,122,219,254,141,255,174
	.db 255,174,191,174,255,95,239,235
	.db 251,255,174,239,59,63,179,182
	.db 254,238,249,189,250,234,185,133
	.db 255,127,175,159,159,223,175,175
	.db 255,255,255,255,255,255,255,255
	.db 255,255,255,255,255,255,255,255
	.db 255,255,255,255,255,255,255,255
	.db 255,255,255,255,255,127,254,255

	.db 255,254,251,254,255,167,254,255
	.db 255,251,171,255,251,254,239,251
	.db 229,255,191,186,251,235,190,234
	.db 95,170,238,174,191,239,251,255
	.db 245,170,255,171,254,187,191,251
	.db 170,255,123,254,187,215,117,90
	.db 255,238,186,175,251,191,149,215
	.db 131,131,131,131,131,133,195,1
	.db 187,151,235,221,234,192,192,192
	.db 187,251,126,189,112,0,0,0
	.db 190,254,253,16,0,0,0,0
	.db 139,9,9,41,43,39,53,191
	.db 238,238,165,151,233,251,191,255
	.db 251,158,222,250,255,111,127,94
	.db 235,239,255,189,255,231,218,183
	.db 255,234,191,173,149,175,127,249
	.db 173,251,191,235,109,187,167,239
	.db 122,222,250,126,239,231,125,251
	.db 186,254,255,255,125,251,245,230
	.db 255,255,222,222,165,126,234,246
	.db 247,117,95,253,173,234,190,254
	.db 215,249,125,235,175,175,187,174
	.db 255,208,253,252,255,255,251,175
	.db 91,126,87,235,171,249,233,251
	.db 101,165,101,254,254,254,254,191
	.db 251,255,254,253,189,185,122,239
	.db 149,86,154,171,191,255,149,255
	.db 87,127,95,254,190,175,87,170
	.db 247,223,102,170,255,255,170,105
	.db 111,121,255,239,171,87,186,186
	.db 250,171,175,253,255,191,127,215
	.db 150,250,169,154,117,191,255,254
	.db 117,250,250,170,93,191,251,219
	.db 255,255,255,254,223,173,250,166
	.db 255,254,255,255,127,255,191,127
	.db 165,189,165,173,233,189,253,255
	.db 187,127,254,237,119,250,239,185
	.db 255,239,245,191,219,186,223,186
	.db 119,247,123,255,255,151,251,170
	.db 187,127,171,121,190,183,254,171

	.db 174,255,174,254,171,239,255,254
	.db 238,251,238,255,250,191,255,255
	.db 251,255,255,251,238,155,253,255
	.db 255,255,255,119,239,223,126,234
	.db 254,255,245,238,250,251,168,252
	.db 255,252,246,208,72,0,8,0
	.db 179,192,0,192,0,0,0,3
	.db 1,0,0,2,0,0,192,192
	.db 128,128,64,0,15,0,0,0
	.db 0,0,0,0,0,0,0,0
	.db 0,0,0,3,2,3,6,15
	.db 127,90,107,123,175,250,175,255
	.db 255,239,250,174,250,190,218,186
	.db 246,109,107,107,167,233,253,239
	.db 249,190,254,249,239,239,190,191
	.db 173,95,119,185,215,238,187,254
	.db 239,255,250,111,190,174,185,231
	.db 239,254,126,215,105,251,254,103
	.db 223,250,223,238,234,215,175,182
	.db 249,218,254,109,237,253,237,94
	.db 158,174,214,255,159,150,245,235
	.db 183,182,229,246,255,255,235,254
	.db 87,171,190,170,247,254,175,253
	.db 239,250,238,239,170,250,255,119
	.db 254,254,255,158,255,253,250,106
	.db 187,170,186,175,181,247,213,191
	.db 253,255,86,159,166,109,171,159
	.db 239,234,239,239,159,89,190,238
	.db 255,187,250,127,234,170,191,174
	.db 174,254,254,249,170,190,239,235
	.db 175,191,255,190,186,255,174,190
	.db 255,255,254,149,235,234,171,191
	.db 239,239,235,127,251,191,254,229
	.db 254,174,171,191,191,235,231,245
	.db 170,190,218,255,250,187,119,213
	.db 175,167,251,251,251,102,245,217
	.db 238,255,250,255,254,255,255,127
	.db 230,255,155,255,251,255,255,255
	.db 123,187,175,250,191,255,255,255
	.db 173,254,254,191,239,255,255,255

	.db 255,255,253,230,251,255,255,255
	.db 255,255,255,251,219,253,238,234
	.db 170,175,255,187,127,254,255,255
	.db 233,175,169,244,223,252,65,16
	.db 64,0,0,8,35,0,0,192
	.db 0,0,192,0,0,0,0,0
	.db 0,0,0,0,0,0,0,0
	.db 0,0,0,0,0,0,0,0
	.db 0,0,0,0,0,0,0,0
	.db 0,0,0,0,0,0,0,0
	.db 10,31,63,62,59,126,119,95
	.db 175,175,254,255,255,191,239,167
	.db 255,254,234,254,255,239,255,254
	.db 91,93,94,191,231,175,171,189
	.db 231,255,190,251,250,239,110,235
	.db 191,219,250,126,95,238,255,255
	.db 238,255,246,255,251,231,187,190
	.db 245,229,185,253,250,185,111,245
	.db 250,165,237,251,191,251,125,191
	.db 94,221,122,175,249,237,171,246
	.db 123,254,87,255,181,223,191,171
	.db 175,234,254,121,255,214,191,235
	.db 255,191,239,231,237,217,245,191
	.db 238,190,251,239,186,127,85,117
	.db 255,255,255,255,85,117,170,170
	.db 249,250,250,159,154,105,255,255
	.db 255,221,190,107,186,32,178,85
	.db 153,171,254,191,2,14,0,101
	.db 150,190,164,157,255,187,195,255
	.db 191,223,238,234,70,30,22,86
	.db 89,41,165,171,61,2,195,255
	.db 99,179,112,176,195,35,255,255
	.db 238,165,237,203,143,223,255,255
	.db 255,217,207,236,254,239,255,255
	.db 251,89,127,60,204,255,255,255
	.db 255,251,251,195,221,255,255,255
	.db 127,255,191,191,191,191,127,191
	.db 255,255,255,255,255,255,255,255
	.db 255,255,255,255,255,255,255,255
	.db 255,255,255,255,255,255,255,255

	.db 170,170,175,255,255,255,255,255
	.db 175,255,255,255,255,254,249,244
	.db 169,167,188,179,112,0,192,0
	.db 48,12,192,0,0,0,0,0
	.db 12,0,0,0,0,0,0,0
	.db 0,0,0,0,0,0,0,0
	.db 0,0,0,0,0,0,0,0
	.db 0,0,0,0,0,0,0,0
	.db 0,0,0,0,0,0,0,0
	.db 0,2,2,2,3,9,7,15
	.db 111,174,187,159,255,174,254,255
	.db 186,254,238,254,250,255,166,238
	.db 110,249,122,254,127,214,222,154
	.db 251,255,191,189,174,223,255,190
	.db 182,171,223,171,127,118,221,191
	.db 251,255,175,221,233,250,187,187
	.db 123,213,254,187,118,149,251,175
	.db 223,191,191,230,221,255,218,102
	.db 233,247,221,170,213,229,254,237
	.db 253,247,219,183,175,169,255,250
	.db 174,234,173,95,127,223,249,87
	.db 251,249,109,174,175,246,255,171
	.db 255,235,123,239,255,167,86,189
	.db 87,233,190,239,221,107,222,191
	.db 239,255,187,127,127,255,255,126
	.db 171,251,107,167,254,251,119,239
	.db 255,159,91,255,235,191,251,255
	.db 187,255,255,186,251,191,250,187
	.db 255,251,175,175,191,251,237,191
	.db 255,253,255,254,251,255,254,255
	.db 170,234,250,254,223,247,255,127
	.db 250,235,250,254,251,250,250,106
	.db 170,250,251,235,254,175,238,255
	.db 255,255,239,254,239,186,191,186
	.db 255,255,255,238,254,239,250,238
	.db 255,255,255,255,239,191,255,189
	.db 127,255,239,254,239,255,255,254
	.db 255,255,191,255,255,251,255,251
	.db 255,255,255,255,255,255,255,191
	.db 255,255,255,190,255,255,255,187

	.db 255,255,253,223,170,181,173,165
	.db 120,192,176,192,0,0,0,0
	.db 0,0,0,0,0,0,0,0
	.db 0,0,0,0,0,0,0,0
	.db 0,0,0,0,0,0,0,0
	.db 0,0,0,0,0,0,0,0
	.db 0,0,3,3,0,0,0,0
	.db 0,0,195,48,0,0,0,0
	.db 0,0,192,0,0,0,0,2
	.db 47,61,63,61,175,191,170,186
	.db 239,191,191,175,255,255,191,166
	.db 170,254,191,239,238,186,239,175
	.db 245,166,230,239,191,230,187,251
	.db 102,246,253,239,190,171,187,223
	.db 239,254,95,106,251,189,254,186
	.db 171,190,254,253,191,239,253,191
	.db 166,218,213,247,234,250,175,251
	.db 122,127,245,237,186,94,170,251
	.db 190,246,255,186,245,127,121,246
	.db 127,223,255,251,191,123,90,110
	.db 239,247,235,119,103,127,171,167
	.db 255,107,223,247,253,191,249,255
	.db 175,251,222,239,255,187,87,255
	.db 251,250,254,255,255,239,149,253
	.db 217,251,170,170,218,255,255,247
	.db 255,111,171,127,218,85,166,191
	.db 255,251,218,123,251,171,111,218
	.db 255,254,186,254,251,238,251,239
	.db 191,255,255,255,191,255,191,251
	.db 255,255,191,255,255,255,191,255
	.db 187,187,255,235,239,255,251,191
	.db 229,246,246,250,249,245,249,250
	.db 254,255,255,191,187,190,187,171
	.db 254,239,254,255,191,239,251,187
	.db 171,190,238,186,187,250,255,255
	.db 253,246,246,254,246,254,246,249
	.db 251,170,238,186,238,239,239,251
	.db 187,251,191,251,187,174,234,239
	.db 251,190,187,238,187,239,186,239
	.db 187,187,234,191,235,190,174,239

	.db 176,192,0,0,0,0,0,0
	.db 0,0,0,0,0,0,0,0
	.db 0,0,0,0,0,0,0,0
	.db 0,0,0,0,0,0,0,0
	.db 0,0,0,0,0,0,0,0
	.db 0,0,0,0,0,0,0,0
	.db 0,0,0,0,0,0,0,0
	.db 0,0,0,0,0,0,0,0
	.db 3,3,3,7,11,15,30,63
	.db 255,238,250,254,174,254,255,191
	.db 123,255,251,219,238,126,255,127
	.db 86,245,251,255,187,170,251,170
	.db 255,191,187,251,223,255,218,254
	.db 255,239,253,187,239,185,173,187
	.db 170,170,253,255,255,125,106,223
	.db 255,229,127,182,106,250,182,223
	.db 109,254,191,111,253,235,254,110
	.db 218,254,106,191,157,251,247,255
	.db 171,110,223,125,87,231,151,219
	.db 150,239,222,91,218,246,255,87
	.db 222,103,214,219,255,175,111,239
	.db 255,254,254,254,253,214,94,223
	.db 255,191,222,215,254,255,255,191
	.db 191,255,159,238,239,235,94,95
	.db 125,249,255,111,238,255,255,255
	.db 255,255,255,255,251,239,185,255
	.db 191,255,247,245,187,235,254,127
	.db 239,239,255,251,191,123,239,247
	.db 255,191,239,247,255,255,255,191
	.db 255,255,255,255,255,254,255,254
	.db 235,255,253,191,247,230,175,181
	.db 181,167,175,175,175,191,159,191
	.db 174,187,254,255,255,223,255,223
	.db 255,191,239,239,255,251,255,255
	.db 255,255,253,255,127,255,254,170
	.db 173,173,183,173,173,175,189,223
	.db 174,186,174,238,251,191,251,239
	.db 239,187,238,239,239,190,255,186
	.db 174,239,238,191,254,239,251,239
	.db 186,187,255,187,251,251,190,187

	.db 0,0,0,0,0,0,0,0
	.db 0,0,0,0,0,0,0,0
	.db 0,0,0,0,0,0,0,0
	.db 0,0,0,0,0,0,0,0
	.db 0,0,0,0,0,0,0,0
	.db 0,0,0,0,0,0,0,0
	.db 0,0,0,0,0,0,0,0
	.db 0,0,0,0,2,3,1,3
	.db 221,239,123,95,235,126,255,238
	.db 170,170,222,247,119,255,183,253
	.db 90,106,171,165,239,254,255,239
	.db 255,255,254,174,250,229,238,119
	.db 119,127,127,159,119,169,170,170
	.db 191,173,175,189,251,247,183,254
	.db 154,247,223,238,121,123,223,255
	.db 159,175,251,233,255,253,171,249
	.db 111,222,229,189,235,126,125,251
	.db 239,222,221,159,231,249,110,251
	.db 254,255,111,182,215,221,255,215
	.db 238,219,111,251,171,235,253,181
	.db 230,238,191,214,175,183,238,219
	.db 253,255,183,171,187,234,250,253
	.db 246,253,238,254,239,121,123,255
	.db 63,255,125,242,243,252,250,198
	.db 255,239,255,169,169,230,126,111
	.db 191,255,247,237,255,221,246,253
	.db 223,255,255,159,171,239,255,191
	.db 255,255,222,255,253,175,235,191
	.db 255,255,191,239,255,127,254,255
	.db 251,250,238,190,250,171,255,107
	.db 191,253,239,253,190,255,247,246
	.db 191,127,191,175,191,111,223,103
	.db 255,254,255,255,254,255,186,254
	.db 255,186,254,175,187,187,190,255
	.db 185,250,238,191,191,239,223,190
	.db 183,175,239,253,183,127,239,247
	.db 187,186,191,251,254,239,255,187
	.db 238,238,191,255,239,251,191,251
	.db 251,187,255,255,187,255,239,254
	.db 239,191,251,191,255,191,251,239

	.db 0,0,0,0,0,0,0,0
	.db 0,0,0,0,0,0,0,0
	.db 0,0,0,12,0,0,0,0
	.db 0,0,0,0,0,0,0,0
	.db 0,0,0,0,0,0,0,0
	.db 0,0,0,0,0,0,0,0
	.db 0,0,0,0,0,0,0,0
	.db 11,11,15,47,63,55,191,159
	.db 239,191,234,218,251,186,174,239
	.db 255,255,255,191,191,234,234,186
	.db 255,111,255,223,255,158,187,175
	.db 171,254,255,255,255,125,255,223
	.db 175,190,255,190,175,187,153,175
	.db 234,170,221,255,255,126,86,254
	.db 170,231,125,181,125,158,183,254
	.db 237,190,250,239,123,189,247,119
	.db 175,250,250,107,253,231,255,223
	.db 155,118,222,175,251,86,191,103
	.db 238,159,245,245,235,247,91,102
	.db 254,223,254,123,253,122,223,229
	.db 185,230,238,247,255,169,239,255
	.db 223,255,239,255,249,175,255,191
	.db 255,191,253,191,255,251,254,222
	.db 202,206,209,127,255,255,254,191
	.db 154,171,229,255,255,255,255,213
	.db 127,191,151,239,62,192,255,255
	.db 247,255,255,95,239,175,239,255
	.db 191,255,255,255,223,255,255,255
	.db 251,255,126,255,223,255,254,252
	.db 223,223,255,255,255,239,254,255
	.db 235,254,222,254,103,121,254,253
	.db 255,191,191,111,255,111,255,95
	.db 238,251,251,190,238,238,187,251
	.db 187,254,239,191,255,191,255,239
	.db 239,250,239,255,254,255,239,255
	.db 255,190,251,255,239,255,255,127
	.db 191,255,254,255,187,255,239,255
	.db 255,255,255,239,251,255,255,255
	.db 255,255,191,255,255,255,255,255
	.db 255,255,255,255,255,255,255,255


// The following two first values are border and background
colora:
  .byte 6,0
	.db 138,168,236,206,230,190,227,169,89,89,91,235,14,15,15,15,15,15,15,15,15,15,15,15,15,15,15,15,15,15,15,15,15,15,15,3,3,15,15,15
	.db 54,188,12,206,185,137,105,185,152,11,9,137,139,15,15,15,15,127,127,127,15,3,3,3,3,3,3,115,3,3,115,3,3,3,3,3,3,3,3,3
	.db 206,12,3,206,105,137,137,137,9,139,137,171,200,184,15,127,115,115,115,115,3,3,3,3,3,3,3,115,3,3,115,3,3,15,15,15,15,15,15,3
	.db 3,3,15,190,185,155,137,105,9,9,137,152,152,203,15,115,115,115,7,3,115,115,3,7,127,127,127,127,127,127,127,127,127,127,15,15,15,15,15,15
	.db 15,15,15,182,11,185,150,137,9,201,137,137,137,191,3,7,7,3,127,15,127,127,127,127,127,15,127,15,127,15,127,127,7,7,7,7,7,7,7,7
	.db 15,15,15,150,59,105,201,137,9,137,171,168,137,252,3,127,15,15,127,15,127,127,127,7,7,7,7,7,7,7,7,7,7,7,7,7,7,7,7,7
	.db 15,15,3,246,11,137,105,137,137,171,163,169,60,195,15,127,7,15,118,183,7,7,7,7,7,7,7,7,7,7,7,7,7,7,7,15,15,15,15,15
	.db 3,3,3,227,191,191,179,179,191,250,55,115,3,23,7,7,7,7,247,247,7,7,7,7,23,15,15,15,15,15,15,15,15,15,31,15,31,15,15,15
	.db 3,3,3,3,3,3,3,6,167,15,15,15,15,1,23,7,7,55,121,167,7,15,31,23,63,63,31,15,31,15,31,15,15,15,31,15,31,31,31,15
	.db 59,184,59,195,179,195,11,57,167,123,123,123,167,183,183,23,182,150,185,122,23,23,31,55,105,137,127,63,7,15,15,31,15,241,15,1,15,7,7,7
	.db 184,139,251,188,203,138,8,9,168,8,8,168,199,199,207,55,200,203,107,247,143,15,31,230,105,121,137,138,191,239,31,7,7,7,7,7,1,1,241,1
	.db 140,140,252,200,140,8,6,152,8,104,8,8,191,247,247,247,207,202,202,250,167,7,7,55,59,147,120,171,135,57,151,15,15,15,15,15,15,15,15,15
	.db 140,168,140,140,200,152,105,137,138,154,200,168,183,127,250,183,250,138,250,250,247,227,99,99,59,54,191,59,54,188,137,124,103,198,246,252,252,60,252,236
	.db 200,171,138,103,138,137,105,139,138,6,9,10,251,127,247,154,150,134,207,137,247,151,184,201,92,171,91,155,138,188,186,186,171,56,251,191,191,115,115,127
	.db 200,171,185,121,168,137,9,137,168,9,137,169,175,250,247,155,150,150,140,198,252,202,151,251,207,207,252,252,252,199,247,135,250,138,15,15,15,207,239,236
	.db 200,186,11,185,25,186,149,171,138,149,88,152,123,127,127,175,63,63,63,243,243,191,252,203,188,203,188,139,140,183,135,135,120,184,250,207,15,15,15,15
	.db 154,201,6,182,25,122,122,184,138,200,8,168,95,175,175,175,175,250,250,139,184,168,168,154,137,169,169,152,137,168,152,152,152,168,168,138,3,3,3,236
	.db 152,8,184,181,165,138,149,154,186,181,149,250,175,207,167,175,207,167,250,175,186,186,152,186,184,168,184,186,138,186,200,184,186,200,200,58,206,206,206,206
	.db 5,5,165,90,90,182,9,185,184,0,183,175,175,127,175,175,167,122,122,167,250,138,186,186,184,186,139,184,200,184,8,184,184,186,186,184,195,195,195,195
	.db 165,90,88,186,185,9,0,0,0,0,167,175,15,167,207,175,175,175,127,250,247,250,247,120,183,184,171,168,168,184,168,168,152,137,169,152,203,14,14,14
	.db 8,152,154,6,9,0,0,0,0,122,175,175,250,207,175,175,199,250,202,123,175,127,250,250,175,167,122,10,207,140,200,171,11,8,8,232,198,6,6,6
	.db 152,169,0,0,0,0,6,6,8,122,175,15,175,175,175,167,122,175,122,247,247,200,191,247,247,122,122,15,15,15,12,184,11,11,8,110,14,6,6,14
	.db 8,0,0,0,0,0,0,0,188,15,167,175,188,252,63,122,55,63,167,247,127,199,127,191,247,247,120,127,127,12,140,138,104,8,134,235,14,14,14,14
	.db 0,0,0,0,0,0,0,251,163,122,175,58,175,60,247,202,252,122,55,207,207,207,251,247,247,120,207,199,207,124,188,202,6,11,235,235,14,14,14,14
	.db 0,0,6,0,0,0,0,58,55,7,55,55,63,122,252,172,60,58,124,195,127,139,207,183,247,247,247,247,120,124,203,138,6,11,11,190,14,14,14,6

// The following goes to $D800 onwards
*=$D800
colorb:
	.db 11,11,3,3,3,3,6,11,11,11,9,3,3,3,3,3,3,3,3,3,3,3,3,3,3,3,3,3,3,3,3,3,3,3,3,15,15,3,3,3
	.db 11,10,3,3,6,11,11,6,11,9,11,11,3,3,3,3,3,3,3,3,3,15,15,15,15,15,15,15,15,15,15,15,15,15,15,15,15,15,15,15
	.db 3,3,3,3,11,11,11,11,11,9,11,8,11,3,3,3,15,15,15,15,15,15,15,15,15,15,15,15,15,15,15,15,15,15,15,15,15,15,15,15
	.db 3,3,3,3,6,6,11,11,11,11,11,11,11,3,3,15,15,15,15,15,15,15,15,15,15,15,15,15,15,15,15,15,15,15,15,15,15,15,15,15
	.db 3,3,3,14,6,6,11,11,11,11,11,11,11,3,15,7,15,15,15,15,15,15,15,15,15,15,15,15,15,15,15,15,15,15,15,15,15,15,15,15
	.db 3,3,3,3,9,11,11,11,11,11,8,11,11,3,15,15,15,15,15,15,15,15,15,15,15,15,15,15,15,15,15,15,15,15,15,15,15,15,15,15
	.db 3,3,15,3,11,11,11,11,11,8,11,11,8,15,15,15,15,15,15,15,15,15,15,15,15,15,15,15,15,15,15,15,15,15,15,7,7,7,7,7
	.db 15,15,15,15,3,3,15,15,3,3,15,15,15,15,15,15,15,15,6,11,15,15,15,15,15,7,7,7,7,7,7,7,7,7,7,7,7,7,7,7
	.db 15,15,15,15,15,15,15,15,15,15,15,15,15,15,15,15,15,15,6,11,15,7,7,15,7,7,7,7,7,7,7,7,7,7,7,7,7,7,7,7
	.db 15,15,15,15,15,15,15,15,15,15,15,15,15,15,15,15,3,3,6,11,15,15,7,15,11,11,3,7,7,7,7,7,7,7,7,7,7,7,7,7
	.db 10,10,10,10,10,11,11,11,11,11,11,11,10,10,10,10,10,10,10,10,7,7,7,15,11,11,7,11,7,7,7,7,7,7,7,7,7,7,7,7
	.db 10,10,10,10,10,11,11,11,11,11,11,11,10,10,10,10,10,7,7,7,15,15,15,15,15,11,11,8,15,11,11,7,7,7,7,7,7,7,7,7
	.db 10,11,10,10,10,11,11,11,11,11,11,11,10,10,7,10,7,7,7,7,10,15,15,15,15,15,6,15,15,9,11,15,15,7,7,7,7,7,7,7
	.db 10,8,11,9,7,11,11,9,11,11,11,11,10,10,10,11,11,11,10,11,10,11,9,11,11,12,12,12,12,10,12,12,12,11,3,3,3,15,15,3
	.db 10,8,8,6,7,11,11,11,11,11,11,11,11,7,10,10,11,11,10,11,10,15,10,10,10,10,10,10,10,10,10,10,7,7,3,3,3,3,3,3
	.db 10,8,9,6,7,7,11,9,11,11,11,11,15,10,10,12,10,12,10,10,10,3,10,10,10,10,10,10,10,10,10,10,10,10,3,3,3,3,3,3
	.db 5,5,9,9,7,11,5,5,5,5,5,5,7,7,7,7,7,7,7,10,10,11,11,11,11,11,11,11,11,11,11,11,11,11,11,3,3,3,3,3
	.db 5,5,5,8,8,5,10,11,8,8,8,7,7,10,15,7,7,15,7,7,8,8,11,8,10,11,10,8,11,8,10,10,8,10,10,8,3,3,3,3
	.db 8,8,8,8,8,10,6,6,6,0,10,7,7,10,7,7,15,15,15,15,7,7,8,8,10,8,10,10,10,10,10,10,10,8,8,10,14,14,14,14
	.db 8,8,10,8,6,9,0,0,0,0,15,7,7,15,7,7,7,7,10,7,10,7,10,10,10,10,8,11,11,10,11,11,11,11,11,11,14,14,14,14
	.db 10,10,6,6,9,0,0,0,0,15,7,7,7,10,7,7,15,7,15,10,7,10,7,7,7,15,15,15,10,10,10,8,8,11,11,11,14,14,14,14
	.db 10,11,0,0,0,0,6,6,6,15,7,7,7,7,7,15,15,7,15,10,10,10,10,10,10,15,15,10,10,10,10,10,8,8,11,11,6,14,14,6
	.db 9,0,0,0,0,0,0,0,10,10,15,7,10,10,10,15,15,10,3,10,10,10,10,10,10,10,10,10,10,10,10,11,11,11,11,6,6,6,6,6
	.db 0,0,0,0,0,0,0,10,15,15,7,15,12,10,10,15,10,15,10,10,10,10,10,10,10,10,10,10,10,10,10,11,11,6,6,6,6,6,6,6
	.db 0,0,6,0,0,0,0,15,15,15,15,15,7,15,10,15,10,12,10,10,10,10,10,10,10,10,10,10,10,10,10,11,11,6,6,6,6,6,6,6

